255 0 0
255 22 0
255 34 0
255 42 0
255 49 0
255 56 0
255 61 0
255 66 0
255 70 0
255 74 0
255 78 0
255 82 0
255 85 0
255 88 0
255 91 0
255 94 0
255 97 0
255 100 0
255 103 0
255 105 0
255 108 0
255 110 0
255 112 0
255 114 0
255 117 0
255 119 0
255 121 0
255 123 0
255 125 0
255 127 0
255 130 0
255 132 0
255 134 0
255 136 0
255 138 0
255 140 0
255 142 0
255 144 0
255 146 0
255 148 0
255 150 0
255 152 0
255 154 0
255 156 0
255 158 0
255 160 0
255 162 0
255 164 0
255 166 0
255 168 0
255 169 0
255 171 0
255 173 0
255 175 0
255 176 0
255 178 0
255 180 0
255 182 0
255 184 0
255 185 0
255 187 0
255 189 0
255 191 0
255 193 0
255 194 0
255 196 0
255 198 0
255 200 0
255 201 0
255 203 0
255 205 0
255 207 0
255 209 0
255 210 0
255 212 0
255 214 0
255 216 0
255 218 0
255 219 0
255 221 0
255 223 0
255 225 0
255 227 0
255 229 0
255 231 0
255 233 0
255 235 0
255 237 0
255 239 0
255 241 0
255 243 0
255 245 0
255 247 0
255 249 0
255 251 0
255 253 0
254 255 0
250 255 0
245 255 0
241 255 0
236 255 0
232 255 0
227 255 0
222 255 0
217 255 0
212 255 0
207 255 0
202 255 0
197 255 0
192 255 0
186 255 0
181 255 0
175 255 0
169 255 0
162 255 0
156 255 0
149 255 0
142 255 0
131 255 0
117 255 0
101 255 0
80 255 0
47 255 0
0 255 20
0 255 42
0 255 57
0 255 69
0 255 79
0 255 88
0 255 97
0 255 105
0 255 113
0 255 121
0 255 128
0 255 135
0 255 142
0 255 148
0 255 155
0 255 161
0 255 168
0 255 174
0 255 180
0 255 186
0 255 192
0 255 198
0 255 203
0 255 209
0 255 214
0 255 220
0 255 225
0 255 230
0 255 235
0 255 239
0 255 244
0 255 249
0 255 253
0 254 255
0 252 255
0 250 255
0 248 255
0 246 255
0 244 255
0 242 255
0 240 255
0 239 255
0 237 255
0 235 255
0 233 255
0 232 255
0 230 255
0 228 255
0 226 255
0 224 255
0 222 255
0 220 255
0 218 255
0 215 255
0 213 255
0 211 255
0 208 255
0 206 255
0 203 255
0 200 255
0 198 255
0 195 255
0 192 255
0 190 255
0 187 255
0 185 255
0 183 255
0 181 255
0 179 255
0 176 255
0 175 255
0 173 255
0 171 255
0 169 255
0 168 255
0 166 255
0 165 255
0 163 255
0 162 255
0 160 255
0 159 255
0 157 255
0 156 255
0 154 255
0 153 255
0 151 255
0 150 255
0 149 255
0 148 255
0 146 255
0 145 255
0 144 255
0 143 255
0 141 255
0 140 255
0 139 255
0 137 255
0 136 255
0 135 255
0 134 255
0 132 255
0 131 255
0 130 255
0 129 255
0 127 255
0 125 255
0 124 255
0 122 255
0 121 255
0 119 255
0 118 255
0 116 255
0 115 255
0 113 255
0 112 255
0 110 255
0 109 255
0 107 255
0 106 255
0 104 255
0 103 255
0 101 255
0 99 255
0 98 255
0 96 255
0 95 255
0 93 255
0 91 255
0 89 255
0 87 255
0 86 255
0 84 255
0 82 255
0 80 255
0 78 255
0 76 255
0 74 255
0 72 255
0 70 255
0 68 255
0 66 255
0 63 255
0 61 255
0 59 255
0 56 255
0 54 255
0 51 255
0 48 255
0 45 255
0 42 255
0 39 255
0 35 255
0 31 255
0 27 255
0 21 255
0 15 255
0 5 255
35 0 255
46 0 255
55 0 255
63 0 255
70 0 255
76 0 255
82 0 255
87 0 255
92 0 255
97 0 255
102 0 255
106 0 255
110 0 255
114 0 255
119 0 255
122 0 255
126 0 255
130 0 255
134 0 255
137 0 255
141 0 255
144 0 255
147 0 255
151 0 255
154 0 255
157 0 255
160 0 255
163 0 255
167 0 255
170 0 255
173 0 255
176 0 255
179 0 255
182 0 255
184 0 255
187 0 255
190 0 255
193 0 255
196 0 255
198 0 255
201 0 255
204 0 255
207 0 255
210 0 255
212 0 255
215 0 255
218 0 255
220 0 255
223 0 255
225 0 255
228 0 255
230 0 255
233 0 255
235 0 255
238 0 255
240 0 255
243 0 255
246 0 255
248 0 255
251 0 255
253 0 255
255 0 232
255 0 211
255 0 198
255 0 188
255 0 179
255 0 170
255 0 163
255 0 156
255 0 150
255 0 144
255 0 138
255 0 132
255 0 127
255 0 122
255 0 117
255 0 112
255 0 108
255 0 104
255 0 99
255 0 95
255 0 91
255 0 87
255 0 83
255 0 79
255 0 75
255 0 71
255 0 68
255 0 64
255 0 60
255 0 56
255 0 52
255 0 48
255 0 44
255 0 40
255 0 36
255 0 31
255 0 26
255 0 20
255 0 14
255 0 5
