255 0 0
255 13 0
255 22 0
255 29 0
255 35 0
255 40 0
255 44 0
255 48 0
255 51 0
255 55 0
255 58 0
255 61 0
255 64 0
255 67 0
255 69 0
255 72 0
255 74 0
255 76 0
255 79 0
255 81 0
255 83 0
255 85 0
255 87 0
255 90 0
255 92 0
255 94 0
255 95 0
255 97 0
255 99 0
255 101 0
255 103 0
255 104 0
255 106 0
255 108 0
255 110 0
255 111 0
255 113 0
255 114 0
255 116 0
255 118 0
255 119 0
255 121 0
255 122 0
255 124 0
255 125 0
255 127 0
255 128 0
255 130 0
255 131 0
255 133 0
255 134 0
255 136 0
255 137 0
255 139 0
255 141 0
255 142 0
255 144 0
255 145 0
255 147 0
255 148 0
255 150 0
255 151 0
255 153 0
255 154 0
255 156 0
255 157 0
255 159 0
255 160 0
255 162 0
255 163 0
255 165 0
255 167 0
255 168 0
255 170 0
255 171 0
255 173 0
255 174 0
255 176 0
255 177 0
255 179 0
255 180 0
255 182 0
255 183 0
255 185 0
255 186 0
255 188 0
255 189 0
255 191 0
255 193 0
255 194 0
255 196 0
255 198 0
255 199 0
255 201 0
255 203 0
255 205 0
255 207 0
255 208 0
255 210 0
255 212 0
255 214 0
255 216 0
255 218 0
255 220 0
255 222 0
255 224 0
255 226 0
255 229 0
255 231 0
255 233 0
255 236 0
255 238 0
255 241 0
255 244 0
255 247 0
255 250 0
255 253 0
253 255 0
251 255 0
248 255 0
245 255 0
242 255 0
239 255 0
237 255 0
234 255 0
231 255 0
228 255 0
225 255 0
222 255 0
219 255 0
216 255 0
213 255 0
209 255 0
206 255 0
203 255 0
199 255 0
196 255 0
192 255 0
189 255 0
185 255 0
181 255 0
177 255 0
173 255 0
169 255 0
165 255 0
160 255 0
156 255 0
151 255 0
146 255 0
141 255 0
136 255 0
130 255 0
124 255 0
118 255 0
112 255 0
105 255 0
97 255 0
88 255 0
79 255 0
67 255 0
53 255 0
33 255 0
0 255 35
0 255 46
0 255 55
0 255 62
0 255 69
0 255 75
0 255 81
0 255 87
0 255 92
0 255 97
0 255 102
0 255 107
0 255 112
0 255 116
0 255 120
0 255 124
0 255 129
0 255 133
0 255 136
0 255 140
0 255 144
0 255 148
0 255 151
0 255 155
0 255 158
0 255 161
0 255 165
0 255 168
0 255 171
0 255 174
0 255 177
0 255 180
0 255 183
0 255 186
0 255 189
0 255 192
0 255 195
0 255 197
0 255 200
0 255 202
0 255 205
0 255 208
0 255 210
0 255 212
0 255 215
0 255 217
0 255 219
0 255 222
0 255 224
0 255 226
0 255 228
0 255 230
0 255 232
0 255 234
0 255 236
0 255 238
0 255 240
0 255 242
0 255 244
0 255 245
0 255 247
0 255 249
0 255 251
0 255 252
0 255 254
0 254 255
0 252 255
0 250 255
0 249 255
0 247 255
0 246 255
0 244 255
0 243 255
0 241 255
0 240 255
0 238 255
0 237 255
0 235 255
0 234 255
0 233 255
0 232 255
0 230 255
0 229 255
0 228 255
0 226 255
0 225 255
0 224 255
0 223 255
0 221 255
0 220 255
0 219 255
0 218 255
0 216 255
0 215 255
0 214 255
0 212 255
0 211 255
0 210 255
0 209 255
0 207 255
0 206 255
0 205 255
0 203 255
0 202 255
0 200 255
0 199 255
0 197 255
0 196 255
0 194 255
0 193 255
0 191 255
0 189 255
0 187 255
0 185 255
0 183 255
0 181 255
0 179 255
0 177 255
0 174 255
0 172 255
0 169 255
0 166 255
0 163 255
0 159 255
0 156 255
0 152 255
0 148 255
0 145 255
0 141 255
0 136 255
0 132 255
0 128 255
0 124 255
0 120 255
0 116 255
0 112 255
0 108 255
0 104 255
0 100 255
0 96 255
0 92 255
0 87 255
0 83 255
0 79 255
0 75 255
0 71 255
0 67 255
0 62 255
0 58 255
0 53 255
0 48 255
0 43 255
0 38 255
0 31 255
0 24 255
0 14 255
0 0 255
29 0 255
44 0 255
55 0 255
65 0 255
73 0 255
81 0 255
88 0 255
94 0 255
101 0 255
107 0 255
113 0 255
119 0 255
124 0 255
130 0 255
135 0 255
141 0 255
146 0 255
151 0 255
157 0 255
162 0 255
168 0 255
169 0 255
185 0 255
202 0 255
221 0 255
245 0 255
255 0 249
255 0 241
255 0 233
255 0 226
255 0 219
255 0 212
255 0 205
255 0 199
255 0 193
255 0 187
255 0 181
255 0 175
255 0 170
255 0 165
255 0 160
255 0 155
255 0 149
255 0 145
255 0 140
255 0 135
255 0 130
255 0 126
255 0 121
255 0 117
255 0 112
255 0 108
255 0 104
255 0 100
255 0 96
255 0 92
255 0 87
255 0 83
255 0 79
255 0 75
255 0 71
255 0 67
255 0 63
255 0 59
255 0 55
255 0 51
255 0 46
255 0 42
255 0 37
255 0 33
255 0 27
255 0 21
255 0 14
255 0 4
