255 87 34
255 87 30
255 87 25
255 87 20
255 88 14
254 88 6
253 89 1
252 91 0
249 94 3
247 96 3
245 98 3
243 100 2
241 101 2
239 103 3
238 105 3
236 106 3
234 108 4
233 108 0
231 110 1
229 111 2
227 113 4
226 113 0
225 115 2
223 116 4
222 117 0
220 118 2
218 119 4
217 120 2
215 121 4
214 121 1
213 122 4
212 123 1
210 124 4
209 125 2
207 126 5
206 126 3
205 127 0
203 128 4
202 128 2
201 129 6
199 130 4
198 130 2
197 131 0
196 132 4
195 132 3
193 133 1
192 134 5
191 134 4
190 135 3
188 135 1
187 136 0
186 136 5
185 137 4
184 137 3
182 138 2
181 138 1
180 139 0
179 139 6
177 140 5
176 140 4
175 141 4
174 141 3
173 142 3
172 142 3
170 143 2
169 143 2
168 144 2
166 144 2
164 145 2
162 145 2
161 146 2
159 147 3
157 147 4
155 148 4
153 149 5
151 149 6
149 150 1
147 150 2
145 151 4
143 151 5
142 152 0
140 152 2
137 153 4
135 154 0
133 154 3
130 155 6
129 155 1
126 156 4
123 156 1
121 157 4
118 157 2
115 158 5
112 159 3
109 159 1
106 160 6
102 160 4
99 161 3
95 162 3
90 162 2
86 163 2
81 164 2
76 164 2
70 165 3
64 165 4
55 166 0
46 167 2
36 167 4
14 168 2
1 168 14
6 168 25
4 168 34
10 168 40
9 168 47
9 167 53
10 167 58
1 167 62
10 167 66
2 167 70
6 167 74
11 167 78
5 167 82
11 166 86
6 166 89
2 166 91
11 166 95
8 166 98
5 166 100
3 166 103
2 165 105
1 165 108
1 165 110
1 165 112
2 165 115
4 165 117
7 165 119
10 164 121
13 164 123
13 164 126
14 164 128
16 164 130
3 164 132
10 163 134
17 163 135
5 163 137
14 163 139
2 163 141
12 163 142
1 163 144
13 162 145
2 162 147
15 162 148
5 162 150
18 162 151
11 162 152
2 162 154
17 161 155
11 161 157
4 161 158
19 161 159
15 161 160
10 161 162
4 161 163
20 160 164
18 160 166
15 160 167
11 160 168
8 160 170
6 160 171
3 160 172
2 160 174
0 160 175
22 159 175
22 159 176
22 159 177
22 159 179
1 159 181
2 159 182
5 159 183
8 158 185
12 158 186
16 158 187
20 158 189
1 158 191
8 157 192
16 157 193
22 157 194
5 157 196
15 157 198
2 156 200
12 156 201
20 156 202
9 156 204
19 155 205
9 155 207
20 155 208
13 155 210
4 155 212
19 154 213
14 154 215
8 154 217
3 154 220
0 153 222
20 153 222
20 152 224
0 152 228
19 152 228
9 151 232
15 151 234
10 150 238
20 150 240
1 149 245
17 148 247
16 148 250
17 147 254
30 147 253
39 146 253
44 145 255
50 145 254
56 145 254
62 144 254
67 144 254
71 143 253
75 142 255
79 142 254
83 141 254
87 141 254
91 140 253
94 139 254
98 139 254
101 138 253
104 137 254
108 137 254
111 136 253
114 135 254
117 135 254
119 134 255
122 133 254
125 133 253
127 132 254
130 131 254
132 130 255
135 130 254
137 129 255
140 128 254
142 127 255
145 126 254
147 125 255
150 125 254
152 123 254
154 122 255
157 122 254
159 120 255
162 119 255
164 118 254
167 117 254
169 116 255
172 114 255
174 114 254
177 112 254
180 111 254
182 109 254
185 107 254
188 106 254
191 104 254
193 102 254
196 100 254
199 99 254
202 97 254
205 94 255
208 91 255
211 89 254
214 86 255
217 83 254
220 80 254
223 76 254
227 73 252
230 71 249
233 68 246
236 65 244
239 62 241
242 58 238
245 55 235
247 52 232
250 48 229
252 44 226
255 40 223
254 44 220
255 47 215
255 49 211
254 52 207
254 55 203
255 55 200
254 58 196
255 59 192
254 62 189
254 62 186
254 63 183
254 64 180
254 65 177
254 67 174
254 68 171
254 69 168
255 68 166
254 70 163
254 71 160
255 71 158
254 72 155
255 72 153
254 73 151
255 73 148
254 75 146
254 75 144
255 74 141
254 76 139
254 76 137
254 76 134
255 76 132
255 77 130
254 79 128
254 79 126
254 79 123
254 79 121
254 80 119
254 80 117
254 81 115
254 81 113
255 80 110
255 81 108
254 81 105
254 82 103
254 83 101
255 82 99
254 82 97
254 83 95
255 82 93
254 83 90
254 84 88
255 83 86
254 84 84
255 84 81
254 85 79
255 84 77
254 85 75
254 86 74
254 85 71
254 86 70
254 85 67
255 85 65
254 86 63
255 85 61
254 86 59
254 86 56
255 86 53
254 87 52
254 87 49
255 87 45
255 86 42
255 86 39
254 88 37
