255 165 0
254 164 1
253 163 2
252 163 3
251 162 4
250 161 5
249 161 6
248 160 7
247 159 8
246 159 9
245 158 10
244 157 11
243 157 12
242 156 13
241 155 14
240 155 15
239 154 16
238 154 17
237 153 18
236 152 19
235 152 20
234 151 21
233 150 22
232 150 23
231 149 24
230 148 25
229 148 26
228 147 27
227 146 28
226 146 29
225 145 30
224 144 31
223 144 32
222 143 33
221 143 34
220 142 35
219 141 36
218 141 37
217 140 38
216 139 39
215 139 40
214 138 41
213 137 42
212 137 43
211 136 44
210 135 45
209 135 46
208 134 47
207 133 48
206 133 49
205 132 50
204 132 51
203 131 52
202 130 53
201 130 54
200 129 55
199 128 56
198 128 57
197 127 58
196 126 59
195 126 60
194 125 61
193 124 62
192 124 63
191 123 64
190 122 65
189 122 66
188 121 67
187 121 68
186 120 69
185 119 70
184 119 71
183 118 72
182 117 73
181 117 74
180 116 75
179 115 76
178 115 77
177 114 78
176 113 79
175 113 80
174 112 81
173 111 82
172 111 83
171 110 84
170 110 85
169 109 86
168 108 87
167 108 88
166 107 89
165 106 90
164 106 91
163 105 92
162 104 93
161 104 94
160 103 95
159 102 96
158 102 97
157 101 98
156 100 99
155 100 100
154 99 101
153 99 102
152 98 103
151 97 104
150 97 105
149 96 106
148 95 107
147 95 108
146 94 109
145 93 110
144 93 111
143 92 112
142 91 113
141 91 114
140 90 115
139 89 116
138 89 117
137 88 118
136 88 119
135 87 120
134 86 121
133 86 122
132 85 123
131 84 124
130 84 125
129 83 126
128 82 127
127 82 128
126 81 129
125 80 130
124 80 131
123 79 132
122 78 133
121 78 134
120 77 135
119 77 136
118 76 137
117 75 138
116 75 139
115 74 140
114 73 141
113 73 142
112 72 143
111 71 144
110 71 145
109 70 146
108 69 147
107 69 148
106 68 149
105 67 150
104 67 151
103 66 152
102 66 153
101 65 154
100 64 155
99 64 156
98 63 157
97 62 158
96 62 159
95 61 160
94 60 161
93 60 162
92 59 163
91 58 164
90 58 165
89 57 166
88 56 167
87 56 168
86 55 169
85 55 170
84 54 171
83 53 172
82 53 173
81 52 174
80 51 175
79 51 176
78 50 177
77 49 178
76 49 179
75 48 180
74 47 181
73 47 182
72 46 183
71 45 184
70 45 185
69 44 186
68 44 187
67 43 188
66 42 189
65 42 190
64 41 191
63 40 192
62 40 193
61 39 194
60 38 195
59 38 196
58 37 197
57 36 198
56 36 199
55 35 200
54 34 201
53 34 202
52 33 203
51 33 204
50 32 205
49 31 206
48 31 207
47 30 208
46 29 209
45 29 210
44 28 211
43 27 212
42 27 213
41 26 214
40 25 215
39 25 216
38 24 217
37 23 218
36 23 219
35 22 220
34 22 221
33 21 222
32 20 223
31 20 224
30 19 225
29 18 226
28 18 227
27 17 228
26 16 229
25 16 230
24 15 231
23 14 232
22 14 233
21 13 234
20 12 235
19 12 236
18 11 237
17 11 238
16 10 239
15 9 240
14 9 241
13 8 242
12 7 243
11 7 244
10 6 245
9 5 246
8 5 247
7 4 248
6 3 249
5 3 250
4 2 251
3 1 252
2 1 253
1 0 254
0 0 255
