255 0 0
255 14 0
255 24 0
255 31 0
255 37 0
255 42 0
255 47 0
255 51 0
255 55 0
255 58 0
255 61 0
255 65 0
255 68 0
255 71 0
255 73 0
255 76 0
255 79 0
255 81 0
255 84 0
255 86 0
255 88 0
255 91 0
255 93 0
255 95 0
255 97 0
255 99 0
255 101 0
255 104 0
255 106 0
255 108 0
255 110 0
255 112 0
255 113 0
255 115 0
255 117 0
255 119 0
255 121 0
255 122 0
255 124 0
255 126 0
255 128 0
255 130 0
255 131 0
255 133 0
255 135 0
255 136 0
255 138 0
255 139 0
255 141 0
255 143 0
255 144 0
255 146 0
255 147 0
255 149 0
255 150 0
255 152 0
255 153 0
255 155 0
255 156 0
255 158 0
255 159 0
255 161 0
255 162 0
255 164 0
255 165 0
255 167 0
255 169 0
255 170 0
255 172 0
255 173 0
255 175 0
255 176 0
255 178 0
255 179 0
255 181 0
255 182 0
255 184 0
255 185 0
255 187 0
255 188 0
255 190 0
255 192 0
255 193 0
255 195 0
255 196 0
255 198 0
255 199 0
255 201 0
255 202 0
255 204 0
255 205 0
255 207 0
255 208 0
255 210 0
255 211 0
255 213 0
255 214 0
255 216 0
255 218 0
255 219 0
255 221 0
255 222 0
255 224 0
255 225 0
255 227 0
255 228 0
255 230 0
255 232 0
255 234 0
255 235 0
255 237 0
255 239 0
255 241 0
255 243 0
255 244 0
255 246 0
255 248 0
255 250 0
255 251 0
255 253 0
255 255 0
252 255 0
248 255 0
245 255 0
242 255 0
238 255 0
235 255 0
232 255 0
228 255 0
225 255 0
222 255 0
219 255 0
215 255 0
212 255 0
209 255 0
205 255 0
202 255 0
198 255 0
195 255 0
191 255 0
187 255 0
184 255 0
180 255 0
176 255 0
172 255 0
168 255 0
163 255 0
159 255 0
155 255 0
150 255 0
145 255 0
140 255 0
135 255 0
129 255 0
123 255 0
117 255 0
110 255 0
103 255 0
94 255 0
85 255 0
75 255 0
62 255 0
45 255 0
15 255 0
0 255 98
0 255 117
0 255 130
0 255 141
0 255 150
0 255 157
0 255 164
0 255 171
0 255 176
0 255 182
0 255 187
0 255 192
0 255 196
0 255 200
0 255 204
0 255 208
0 255 212
0 255 215
0 255 219
0 255 222
0 255 226
0 255 229
0 255 232
0 255 236
0 255 239
0 255 242
0 255 245
0 255 248
0 255 251
0 255 254
0 254 255
0 252 255
0 250 255
0 248 255
0 247 255
0 245 255
0 243 255
0 241 255
0 239 255
0 238 255
0 236 255
0 234 255
0 232 255
0 230 255
0 227 255
0 225 255
0 223 255
0 223 255
0 222 255
0 221 255
0 220 255
0 219 255
0 218 255
0 217 255
0 216 255
0 215 255
0 214 255
0 213 255
0 212 255
0 211 255
0 210 255
0 209 255
0 208 255
0 207 255
0 206 255
0 205 255
0 203 255
0 202 255
0 201 255
0 199 255
0 198 255
0 197 255
0 196 255
0 194 255
0 193 255
0 192 255
0 190 255
0 189 255
0 187 255
0 186 255
0 184 255
0 182 255
0 181 255
0 179 255
0 177 255
0 175 255
0 173 255
0 171 255
0 169 255
0 166 255
0 164 255
0 161 255
0 158 255
0 155 255
0 151 255
0 147 255
0 142 255
0 137 255
0 130 255
0 121 255
0 67 255
0 53 255
0 37 255
0 14 255
49 0 255
66 0 255
80 0 255
92 0 255
103 0 255
112 0 255
122 0 255
131 0 255
139 0 255
148 0 255
156 0 255
165 0 255
173 0 255
182 0 255
192 0 255
201 0 255
212 0 255
224 0 255
238 0 255
255 0 255
255 0 248
255 0 242
255 0 236
255 0 230
255 0 224
255 0 219
255 0 214
255 0 209
255 0 204
255 0 200
255 0 195
255 0 191
255 0 187
255 0 183
255 0 179
255 0 175
255 0 172
255 0 168
255 0 165
255 0 161
255 0 158
255 0 155
255 0 152
255 0 149
255 0 146
255 0 143
255 0 140
255 0 137
255 0 135
255 0 132
255 0 130
255 0 127
255 0 124
255 0 122
255 0 119
255 0 117
255 0 115
255 0 112
255 0 110
255 0 108
255 0 106
255 0 103
255 0 101
255 0 99
255 0 96
255 0 94
255 0 92
255 0 90
255 0 88
255 0 86
255 0 84
255 0 82
255 0 80
255 0 78
255 0 76
255 0 74
255 0 72
255 0 70
255 0 68
255 0 66
255 0 63
255 0 61
255 0 59
255 0 56
255 0 54
255 0 52
255 0 49
255 0 47
255 0 45
255 0 42
255 0 40
255 0 37
255 0 34
255 0 31
255 0 28
255 0 25
255 0 21
255 0 18
255 0 13
255 0 8
255 0 3
