127 0 127
127 1 127
128 2 126
128 3 126
129 4 125
129 5 125
130 6 124
130 7 124
131 8 123
131 9 123
132 10 122
132 11 122
133 12 121
133 13 121
134 14 120
134 15 120
135 16 119
135 17 119
136 18 118
136 19 118
137 20 117
137 21 117
138 22 116
138 23 116
139 24 115
139 25 115
140 26 114
140 27 114
141 28 113
141 29 113
142 30 112
142 31 112
143 32 111
143 33 111
144 34 110
144 35 110
145 36 109
145 37 109
146 38 108
146 39 108
147 40 107
147 41 107
148 42 106
148 43 106
149 44 105
149 45 105
150 46 104
150 47 104
151 48 103
151 49 103
152 50 102
152 51 102
153 52 101
153 53 101
154 54 100
154 55 100
155 56 99
155 57 99
156 58 98
156 59 98
157 60 97
157 61 97
158 62 96
158 63 96
159 64 95
159 65 95
160 66 94
160 67 94
161 68 93
161 69 93
162 70 92
162 71 92
163 72 91
163 73 91
164 74 90
164 75 90
165 76 89
165 77 89
166 78 88
166 79 88
167 80 87
167 81 87
168 82 86
168 83 86
169 84 85
169 85 85
170 86 84
170 87 84
171 88 83
171 89 83
172 90 82
172 91 82
173 92 81
173 93 81
174 94 80
174 95 80
175 96 79
175 97 79
176 98 78
176 99 78
177 100 77
177 101 77
178 102 76
178 103 76
179 104 75
179 105 75
180 106 74
180 107 74
181 108 73
181 109 73
182 110 72
182 111 72
183 112 71
183 113 71
184 114 70
184 115 70
185 116 69
185 117 69
186 118 68
186 119 68
187 120 67
187 121 67
188 122 66
188 123 66
189 124 65
189 125 65
190 126 64
190 127 64
191 128 63
191 129 63
192 130 62
192 131 62
193 132 61
193 133 61
194 134 60
194 135 60
195 136 59
195 137 59
196 138 58
196 139 58
197 140 57
197 141 57
198 142 56
198 143 56
199 144 55
199 145 55
200 146 54
200 147 54
201 148 53
201 149 53
202 150 52
202 151 52
203 152 51
203 153 51
204 154 50
204 155 50
205 156 49
205 157 49
206 158 48
206 159 48
207 160 47
207 161 47
208 162 46
208 163 46
209 164 45
209 165 45
210 166 44
210 167 44
211 168 43
211 169 43
212 170 42
212 171 42
213 172 41
213 173 41
214 174 40
214 175 40
215 176 39
215 177 39
216 178 38
216 179 38
217 180 37
217 181 37
218 182 36
218 183 36
219 184 35
219 185 35
220 186 34
220 187 34
221 188 33
221 189 33
222 190 32
222 191 32
223 192 31
223 193 31
224 194 30
224 195 30
225 196 29
225 197 29
226 198 28
226 199 28
227 200 27
227 201 27
228 202 26
228 203 26
229 204 25
229 205 25
230 206 24
230 207 24
231 208 23
231 209 23
232 210 22
232 211 22
233 212 21
233 213 21
234 214 20
234 215 20
235 216 19
235 217 19
236 218 18
236 219 18
237 220 17
237 221 17
238 222 16
238 223 16
239 224 15
239 225 15
240 226 14
240 227 14
241 228 13
241 229 13
242 230 12
242 231 12
243 232 11
243 233 11
244 234 10
244 235 10
245 236 9
245 237 9
246 238 8
246 239 8
247 240 7
247 241 7
248 242 6
248 243 6
249 244 5
249 245 5
250 246 4
250 247 4
251 248 3
251 249 3
252 250 2
252 251 2
253 252 1
253 253 1
254 254 0
255 255 0
