80 80 80
80 81 80
80 82 80
80 83 80
80 84 80
80 85 80
80 86 80
80 87 80
80 88 80
80 89 80
81 90 81
81 91 81
81 92 81
81 93 81
81 94 81
81 95 81
81 96 81
81 97 81
81 98 81
81 99 81
82 100 82
82 101 82
82 102 82
82 103 82
82 104 82
82 105 82
82 106 82
82 107 82
82 108 82
82 109 82
83 110 83
83 111 83
83 112 83
83 113 83
83 114 83
83 115 83
83 116 83
83 117 83
83 118 83
83 119 83
84 120 84
84 121 84
84 122 84
84 123 84
84 124 84
84 125 84
84 126 84
84 127 84
84 128 84
84 129 84
85 130 85
85 131 85
85 132 85
85 133 85
85 134 85
85 135 85
85 136 85
85 137 85
85 138 85
85 139 85
86 140 86
86 141 86
86 142 86
86 143 86
86 144 86
86 145 86
86 146 86
86 147 86
86 148 86
86 149 86
87 150 87
87 151 87
87 152 87
87 153 87
87 154 87
87 155 87
87 156 87
87 157 87
87 158 87
87 159 87
88 160 88
88 161 88
88 162 88
88 163 88
88 164 88
88 165 88
88 166 88
88 167 88
88 168 88
88 169 88
89 170 89
89 171 89
89 172 89
89 173 89
89 174 89
89 175 89
89 176 89
89 177 89
89 178 89
89 179 89
